коорд один коорд два коорд три цвет
небо
0 0 200 0 200 635 9 синий
0 0 0 635 200 635 9
травка
200 0 480 0 480 635 2 зеленый
200 0 200 635 480 635 2

ствол
500 100 100 125 500 150 6 коричневый

лапы елки
верхн€€
100 150 200 75 200 175 10 светло зеленый
средн€€ ( на сто ниже )
200 125 300 50 300 200 10
нижн€€ ( на сто ниже )
300 125 400 25 400 225 10

ƒќћ
150 300 150 600 350 300 3 бирюзовый
350 600 350 300 150 600  3
крыша
150 300 150 600 50 450  4 красный
дверь
350 350 250 400 250 350 7 белый
350 350 250 400 350 400 7 
окно:
рама
250 450 175 575 175 450 9 синий
250 450 175 575 250 575 9 


